1653311545
450
470
443
464
478
455
445
462
486
510
531
546
523
544
560
549
577
556
543
530
556
556
573
587
570
553
536
554
537
526
546
562
538
556
544
527
509
500
514
524
542
560
580
610
632
611
634
653
635
619
606
600
615
600
617
641
625
607
600
582
594
610
600
575
597
575
599
610
634
613
600
574
593
610
600
584
610
627
606
600
620
600
600
584
571
545
533
547
532
507
530
552
571
552
566
586
568
582
559
538
561
584
610
600
622
609
619
644
654
639
602
600
587
610
622
604
620
636
624
624
623
607
600
611
625
642
631
641
620
630
623
647
623
638
651
631
450
432
462
478
478
457
488
521
502
518
500
473
499
486
462
480
459
472
488
470
