1676726523
641
625
602
600
582
564
554
573
568
555
542
533
547
528
542
554
542
516
513
540
560
582
561
558
580
596
612
600
621
606
600
622
610
624
644
636
654
636
654
668
652
662
677
668
686
668
651
672
689
667
648
663
688
668
697
681
712
700
678
699
720
738
720
739
759
777
794
810
800
826
450
447
467
478
497
477
459
485
470
458
439
463
491
475
510
500
514
537
519
542
563
575
599
583
610
634
652
632
652
678
662
684
660
638
650
750,Wednesday-January-18-2023-1:19-PM
739,Wednesday-February-1-2023-2:54-PM
774,Wednesday-February-1-2023-3:34-PM
790,Wednesday-February-1-2023-4:09-PM
781,Tuesday-February-7-2023-2:07-PM
910,Saturday-February-18-2023-1:46-PM
949,Saturday-February-18-2023-2:22-PM
