1673092767
736
719
700
676
651
669
666
686
662
664
685
650
639
628
622
644
627
652
675
693
690
674
695
676
656
669
683
715
733
714
728
708
726
750
733
730
717
711
723
741
768
749
734
747
772
785
810
810
832
846
846
867
891
910
900
923
909
900
882
869
851
879
861
847
866
891
910
900
887
910
928
917
941
920
939
959
944
925
922
944
954
939
955
974
993
974
960
945
964
961
978
962
980
995
1010
1007
1000
1015
1041
1069
1087
1069
1053
1036
1017
1000
989
963
946
938
954
973
956
981
998
1016
1026
1043
1022
1000
1017
1014
1037
1034
1057
1035
1023
1002
1000
979
1010
1000
977
959
948
927
910
900
881
875
854
878
894
550
540
523
534
547
557
541
563
598
591
572
584
610
635
652
649
639
659
679
710
727
742
759
746
767
758
735
724
744
777
769
788
770
1050
1042
1056
1073
1064
1082
1071
1091
1117
1136
1154
1171
1163,Sunday-July-10-2022-12:22-PM
1177,Sunday-July-10-2022-1:07-PM
1167,Sunday-July-10-2022-1:55-PM
1153,Monday-July-11-2022-6:06-AM
1171,Monday-July-11-2022-2:08-PM
1187,Monday-July-11-2022-2:54-PM
1174,Tuesday-July-12-2022-3:30-PM
1162,Tuesday-July-12-2022-4:26-PM
1182,Wednesday-July-13-2022-7:41-AM
1173,Wednesday-July-13-2022-8:28-AM
1193,Wednesday-July-13-2022-9:20-AM
1178,Wednesday-July-13-2022-2:16-PM
1168,Wednesday-July-13-2022-4:35-PM
1186,Thursday-July-14-2022-3:17-PM
1210,Thursday-July-14-2022-4:00-PM
1207,Thursday-July-14-2022-4:41-PM
1200,Saturday-July-16-2022-3:38-PM
1191,Saturday-July-16-2022-4:27-PM
1210,Sunday-July-17-2022-3:28-PM
1200,Sunday-July-17-2022-4:07-PM
1188,Tuesday-July-19-2022-3:50-PM
1210,Tuesday-July-19-2022-4:23-PM
1201,Saturday-July-23-2022-3:48-PM
1218,Saturday-July-23-2022-4:28-PM
1207,Monday-July-25-2022-2:10-PM
1221,Wednesday-July-27-2022-1:43-PM
1232,Wednesday-July-27-2022-2:27-PM
1224,Thursday-July-28-2022-4:01-PM
1241,Friday-July-29-2022-1:47-PM
1229,Friday-July-29-2022-2:23-PM
1214,Tuesday-August-2-2022-3:03-PM
1227,Friday-August-5-2022-3:30-PM
1215,Thursday-August-11-2022-3:42-PM
1229,Thursday-August-11-2022-4:28-PM
1246,Wednesday-August-24-2022-3:12-PM
1234,Wednesday-August-24-2022-3:55-PM
1246,Friday-September-2-2022-1:28-PM
1257,Friday-September-2-2022-2:12-PM
1274,Saturday-September-17-2022-3:39-PM
1263,Saturday-September-17-2022-4:24-PM
1251,Saturday-September-17-2022-5:14-PM
1265,Tuesday-November-8-2022-12:49-PM
1258,Tuesday-November-8-2022-1:28-PM
1271,Tuesday-November-8-2022-2:05-PM
1259,Wednesday-November-16-2022-11:52-AM
1245,Wednesday-November-16-2022-12:37-PM
1225,Sunday-November-20-2022-11:23-AM
1243,Sunday-November-20-2022-12:04-PM
1229,Saturday-January-7-2023-12:59-PM
