1679448678
810
826
843
862
841
819
838
814
800
771
742
739
715
733
751
768
786
765
743
740
720
700
682
710
700
550
575
563
582
561
585
614
642
628
650
671
651
637
662
682
710
730
718
715
700
703
726
749
759
742
765
743
729
706
726
752
774
754
772
753
781
761
780
770
770
785
767
761
753
735
715
728
744
726
754
734
759
738
755
768
785
810
823
811
800
782
763
745
730
749
765
781
810
800
800
788
772
793
815
800
831
812
805
823
835
821
803
823
838
852
875
891
872
853
863
881
866
887
911
931
954
978
988
975
954
935
932
951
972
988
968
986
1010
1036
1013
1033
1053
1033
1013
1000
1022
1032
1049
1031
1010
1000
979
994
991
1010
1028
1018
1015
1000
1016
1000
979
1010
1020
1041
1055
1039
1022
1037
1045
1029
1047
1031
1014
1027
1042
1027
1043
1064
1041
1060
1039
1050
1071
1089
1070
1049
1026
1041
1058
1042
1033
1015
1040
1021
1002
1000
1017
1002
1019
1003
1000
981
959
938
957
979
999
978
963
940
923
905
920
900
888
910
900
914
931
942
920
935
956
969
946
924
916
937
917
943
931
943
960
942
924
945
923
947
929
941
958
939
957
934
917
940
959
968
941
925
916
901
923
939
922
933
925
908
925
910
931
941
965
948
931
913
900
880
863
849
849
851
869
869
827
806
800
789
772
792
817
837
857
877
891
872
888
870
855
874
853
833
811
800
782
798
810
800
818
836
817
450
467
496
517
505
522
544
528
540
560
544
563
584
615
605
619
639
628
648
630
621
644
672
694
681
698
681
663
686
672
661
678
667
692
678
657
680
667
685
699
687
668
689
674
661
644
662
659
680
661
685
669
646
669
647
666
687
712
700
731
710
731
712
737
754
736
715
734
716
733
753
773
784
799
792
771
782
760
778
810
821
837
847
832
816
840
863
843
860
873
860
850
837
824
845
833
858
846
872
859
881
873,Sunday-July-10-2022-2:02-PM
893,Monday-July-11-2022-1:58-PM
881,Monday-July-11-2022-2:28-PM
897,Monday-July-11-2022-3:14-PM
911,Monday-July-11-2022-3:52-PM
900,Wednesday-July-20-2022-12:41-PM
891,Friday-July-22-2022-12:35-PM
878,Friday-July-22-2022-1:29-PM
910,Friday-July-22-2022-2:11-PM
900,Friday-July-22-2022-2:29-PM
924,Saturday-July-23-2022-4:32-AM
951,Saturday-July-23-2022-1:31-PM
942,Saturday-July-23-2022-1:56-PM
929,Tuesday-August-30-2022-5:58-PM
962,Tuesday-November-8-2022-2:23-AM
995,Tuesday-November-8-2022-3:04-AM
983,Tuesday-November-8-2022-3:43-AM
973,Tuesday-November-8-2022-10:20-PM
998,Tuesday-November-8-2022-10:57-PM
984,Friday-November-11-2022-9:16-AM
1110,Friday-November-11-2022-9:51-AM
1100,Saturday-November-12-2022-6:37-AM
1081,Saturday-November-12-2022-7:00-AM
1110,Sunday-November-27-2022-12:16-PM
1131,Monday-November-28-2022-1:51-PM
1116,Thursday-December-1-2022-2:39-PM
1132,Tuesday-December-20-2022-1:42-PM
1148,Wednesday-December-21-2022-1:46-PM
1137,Wednesday-December-21-2022-2:26-PM
1126,Wednesday-December-21-2022-3:06-PM
1100,Wednesday-December-21-2022-4:00-PM
1088,Wednesday-December-21-2022-4:40-PM
1110,Friday-December-23-2022-1:18-PM
1129,Friday-December-23-2022-1:48-PM
1151,Wednesday-December-28-2022-2:45-PM
1161,Sunday-January-1-2023-2:57-PM
1178,Sunday-January-1-2023-3:42-PM
1157,Tuesday-January-10-2023-12:30-PM
1137,Tuesday-January-10-2023-1:04-PM
1163,Tuesday-January-10-2023-2:04-PM
1143,Tuesday-January-10-2023-2:31-PM
1050,Friday-January-20-2023-2:35-PM
1072,Friday-January-20-2023-3:11-PM
1061,Friday-January-20-2023-3:42-PM
1050,Friday-January-20-2023-4:25-PM
1043,Tuesday-January-24-2023-1:27-PM
1025,Tuesday-January-24-2023-2:02-PM
1036,Friday-January-27-2023-3:18-PM
1025,Sunday-January-29-2023-3:49-PM
1015,Sunday-January-29-2023-4:23-PM
1041,Sunday-January-29-2023-5:03-PM
1029,Monday-January-30-2023-7:20-AM
1013,Monday-January-30-2023-1:51-PM
1004,Monday-January-30-2023-2:41-PM
1000,Monday-January-30-2023-3:23-PM
1013,Monday-January-30-2023-4:10-PM
1002,Tuesday-January-31-2023-2:06-PM
1028,Wednesday-February-1-2023-2:22-PM
1044,Saturday-February-4-2023-2:11-PM
1027,Saturday-February-4-2023-2:57-PM
1052,Tuesday-February-7-2023-3:04-PM
1028,Tuesday-February-14-2023-1:29-PM
1061,Tuesday-February-14-2023-2:02-PM
1050,Sunday-February-19-2023-2:18-PM
1035,Sunday-February-19-2023-2:55-PM
1023,Sunday-February-19-2023-3:39-PM
1006,Monday-February-20-2023-2:05-PM
1028,Monday-February-20-2023-2:51-PM
1058,Monday-February-20-2023-3:37-PM
1047,Saturday-February-25-2023-2:11-PM
1067,Saturday-February-25-2023-2:52-PM
1054,Wednesday-March-22-2023-1:06-AM
1071,Wednesday-March-22-2023-2:31-AM
