1661388602
759
777
650
667
693
710
700
679
710
736
761
745
756
768
787
775
759
749
772
756
735
718
715
734
756
778
796
799
782
810
800
823
845
865
848
830
816
800
822
802
800
827
810
800
818
806
830
814
802
821
838
825
850
833
818
837
834
818
844
854
844
861
845
824
852
869
886
870
884
910
925
950
964
984
967
983
1010
1028
1011
1032
1010
1027
1047
1070
1088
1072
1058
1043
1020
1003
1000
971
991
971
968
949
931
948
973
991
1013
1027
1047
1024
1006
1000
1019
1000
985
1010
1031
1010
1000
989
1010
1031
1013
1000
1016
1037
1018
1028
1051
1027
1040
1056
1038
1019
1001
1028
1007
1000
979
961
981
999
972
983
1010
650
673
691
675
691
677
654
640
622
611
600
581
564
595
629
616
638
655
668
690
681
710
700
704
724
715
702
700
719
734
749
733
717
701
717
700
715
736
764
785
796
810
800
819
835
857
877
859
845
872
858
875
860
843
862
851
840
859
846
827
815
815
836
848
835
854
875
889
872
858
844
830
814
800
824
839
819
800
824
843
832
819
802
800
785
777
774
794
782
764
789
776
798
782
767
788
750
773
760
777
798
787,Tuesday-August-2-2022-3:03-PM
773,Thursday-August-25-2022-2:07-AM
751,Thursday-August-25-2022-2:50-AM
