1661672775
540
520
546
566
547
569
592
613
600
621
603
600
578
557
535
551
525
504
524
507
526
506
450
434
421
438
420
409
432
448
461
440
462
452
437
423
448
430
451
437
463
483
474
460
439
433
418
405
436
462
444
423
444
475
510
534
520
530
552
574
558
539
556
570
573
556
542
553
569
554
543
529
559
581
610
600
621
642
623
635
648
648
667
654
678
664
661
681
696
679
664
664
683
710
707
727
748
771
785
772
769
746
723
735
750
770
755
771
790
762
775
789
766
782
810
800
800
776
761
781
762
777
797
811
830
807
800
776
751
768
751
732
750
744
761
779
764
744
764
738
714
700
677
656
626
615
631
623
606
600
618
606
616
634
645
632
642
636
649
669
653
641
657
644
658
676
692
683
710
700
714
700
717
714
700
724
743
723
711
729
715
700
710
700
727
753
739
731
758
780
793
771
797
789
770
747
762
738
718
738
716
728
742
722
710
724
703
703
719
739
757
736
751
738
755
740
752
731
717
700
715
712
700
679
710
725
743
755
733
710
700
718
734
716
700
681
662
645
622
643
662
692
722
753
775
810
840
860
843
826
802
812
800
787
816
800
782
759
788
821
800
779
792
773
784
768
782
760
783
798
813
835
857
836
818
840
860
882
867
850
835
845
820
800
800
800
778
798
827
855
888
916
900
891
917
917
902
930
911
934
959
937
966
993
1021
1033
1015
1000
981
997
979
956
953
973
953
973
951
948
927
956
937
915
900
912
940
935
914
900
913
943
933
955
942
971
995
981
978
952
976
966
955
983
1010
1000
979
994
1011
1040
1020
1000
1025
1046
1029
1008
1000
1013
1000
986
1010
1000
1027
1013
1029
1006
1017
1032
1007
1025
1002
1013
1000
1026
1055
1040
1066
1081
1062
1042
1070
1092
1113
1128
1105
1129
1149
1172
1195
1218
1203
1224
1204
1200
1189
1173
1154
1144
1170
1194
1221
1241
1220
1239
1223
1200
1178
1158
1137
1165
1188
1191
1218
1201
1225
1210
1236
1260
1280
1296
1324
1345
1369
1394
1418
1444
1465
1483
1150
1169
1155
1138
1123
1105
1100
1084
1110
1131
1118
1140
1116
1133
1118
1139
1114
1100
1127
1154
1140
1121
1143
1168
1153
1139
1156
1179
1165
1151
1129
1137
1120
1101
1123
1148
1136
1118
1132
1149
1163
1148
1127
1112
1136
1118
1136
1125
1146
1129
1110
1100
1084
1094
1073
1055
1078
1056
1045
1027
1006
1029
1008
1030
1050
1037
1024
1011
1000
987
974
963
983
1010
1028
1014
1045
1064
1051
1078
1063
1050
1038
1028
1010
1000
992
1010
1000
1021
1007
1028
1041
1027
1053
1075,Sunday-July-10-2022-5:58-AM
1090,Monday-July-11-2022-6:07-AM
1072,Friday-July-15-2022-11:24-AM
1061,Friday-July-15-2022-11:54-AM
1076,Friday-July-15-2022-12:42-PM
1060,Friday-July-15-2022-4:06-PM
1042,Friday-July-15-2022-4:42-PM
1062,Saturday-July-16-2022-2:52-AM
1093,Saturday-July-16-2022-6:40-AM
1076,Saturday-July-16-2022-7:13-AM
1058,Saturday-July-16-2022-8:40-AM
1083,Sunday-July-17-2022-2:51-PM
1065,Sunday-July-17-2022-3:28-PM
1075,Friday-July-22-2022-8:27-AM
1092,Friday-July-22-2022-9:22-AM
1116,Friday-July-22-2022-12:04-PM
1138,Friday-July-22-2022-1:20-PM
1157,Friday-July-22-2022-1:57-PM
1142,Friday-July-22-2022-3:28-PM
1139,Friday-July-22-2022-3:54-PM
1123,Friday-July-22-2022-3:56-PM
1112,Friday-July-22-2022-4:32-PM
1132,Saturday-July-23-2022-5:08-AM
1114,Saturday-July-23-2022-5:54-AM
1100,Saturday-July-23-2022-8:16-AM
1088,Saturday-July-23-2022-9:10-AM
1111,Saturday-July-23-2022-10:22-AM
1100,Saturday-July-23-2022-2:05-PM
1083,Saturday-July-23-2022-2:45-PM
1064,Saturday-July-23-2022-3:43-PM
1084,Sunday-July-24-2022-11:50-AM
1098,Sunday-July-24-2022-12:33-PM
1120,Sunday-July-24-2022-1:36-PM
1103,Sunday-July-24-2022-2:23-PM
1100,Saturday-July-30-2022-5:30-AM
1081,Saturday-July-30-2022-12:14-PM
1110,Sunday-July-31-2022-12:59-AM
1126,Sunday-July-31-2022-1:30-AM
1148,Sunday-July-31-2022-2:21-AM
1169,Saturday-August-6-2022-2:32-AM
1191,Saturday-August-6-2022-4:09-AM
1174,Saturday-August-6-2022-5:03-AM
1161,Saturday-August-6-2022-5:33-AM
1183,Saturday-August-6-2022-6:13-AM
1210,Saturday-August-6-2022-7:22-AM
1200,Saturday-August-6-2022-8:01-AM
1182,Sunday-August-7-2022-12:20-PM
1166,Sunday-August-7-2022-1:04-PM
1185,Sunday-August-7-2022-11:57-PM
1169,Sunday-August-14-2022-3:08-AM
1186,Sunday-August-14-2022-4:08-AM
1210,Sunday-August-14-2022-4:36-AM
1200,Sunday-August-14-2022-5:46-AM
1223,Sunday-August-14-2022-6:24-AM
1208,Sunday-August-14-2022-8:50-AM
1200,Thursday-August-18-2022-9:03-AM
1183,Friday-August-19-2022-8:42-AM
1197,Saturday-August-20-2022-1:40-AM
1182,Saturday-August-20-2022-2:25-AM
1170,Saturday-August-20-2022-3:14-AM
1191,Saturday-August-20-2022-4:35-AM
1177,Saturday-August-20-2022-4:58-AM
1194,Saturday-August-20-2022-7:40-AM
1174,Sunday-August-21-2022-11:39-AM
1157,Tuesday-August-23-2022-5:48-AM
1173,Tuesday-August-23-2022-6:22-AM
1195,Tuesday-August-23-2022-7:34-AM
1214,Tuesday-August-23-2022-8:08-AM
1233,Tuesday-August-23-2022-11:46-AM
1251,Tuesday-August-23-2022-12:14-PM
1234,Tuesday-August-23-2022-12:55-PM
1218,Thursday-August-25-2022-12:42-PM
1183,Saturday-August-27-2022-5:24-AM
1210,Saturday-August-27-2022-5:58-AM
1233,Saturday-August-27-2022-6:36-AM
1250,Saturday-August-27-2022-7:05-AM
1273,Saturday-August-27-2022-3:38-PM
1255,Saturday-August-27-2022-4:04-PM
1237,Sunday-August-28-2022-4:07-AM
1220,Sunday-August-28-2022-8:27-AM
1238,Sunday-August-28-2022-9:04-AM
1220,Sunday-August-28-2022-9:46-AM
