1664193093
680
650
550
531
553
573
594
615
644
664
677
663
684
656
641
628
642
627
650
647
644
663
647
624
650
674
662
677
664
656
642
660
643
664
680
662
682
710
728
710
700
723
743
761
786
810
800
786
765
746
758
749
768
787
773
796
820
844
827
808
818
830
848
871
892
889
875
861
882
899
910
930
918
900
884
895
917
935
955
970
989
971
989
986
1010
1032
1013
1000
1020
1004
1000
1019
1037
1063
1086
1067
1087
1064
1080
1064
1080
1059
1078
1058
1069
1049
1030
1047
1061
1037
1053
1079
1110
1123
1141
1159
1177
1160
1179
750
736
727
753
737
756
741
767
755
749
772
761
748
768
792
913
900
888
892
917
904
928
908
900
886
910
900
925
908
900
882
910
926
914
900
900
884
910
900
878
890
876
899
876
912
900
887
871
886
866
888
910
900
878
882
899
895
873
855
838
821
800
824
802
825
808
800
780
769
751
734
722
740
757
775
794
811
800
775
788
812
800
781
810
800
776
796
772
752
774
771
793
780
755
780
794
772
789
810
800
770
784
767
785
787
816
816
800
816
828
850
850
835
855
876
864
885
867
888
873
863
878
859
886
870
855
833
824
845
866
885
869
886
872
860
849
833
865
883
862
849
832
848
868
887
910
900
918
940
956
973
957
975
993
972
952
940
922
942
931
908,Sunday-July-17-2022-12:30-PM
900,Sunday-July-17-2022-12:44-PM
923,Sunday-July-17-2022-1:26-PM
909,Sunday-July-24-2022-4:11-AM
900,Sunday-July-24-2022-6:45-AM
912,Sunday-July-24-2022-7:14-AM
933,Sunday-July-24-2022-7:54-AM
913,Sunday-July-24-2022-8:36-AM
933,Sunday-July-24-2022-9:10-AM
919,Sunday-July-24-2022-9:48-AM
919,Sunday-July-24-2022-12:37-PM
900,Sunday-July-24-2022-1:39-PM
925,Sunday-August-14-2022-1:08-PM
904,Sunday-August-14-2022-1:40-PM
900,Wednesday-August-17-2022-8:08-AM
879,Saturday-August-20-2022-12:41-PM
910,Saturday-August-20-2022-1:13-PM
932,Saturday-August-20-2022-1:53-PM
947,Sunday-August-21-2022-10:52-AM
957,Sunday-August-21-2022-11:26-AM
937,Sunday-August-21-2022-12:10-PM
955,Sunday-August-21-2022-12:50-PM
933,Sunday-August-21-2022-1:28-PM
912,Saturday-September-3-2022-12:11-PM
904,Saturday-September-3-2022-12:49-PM
900,Saturday-September-3-2022-1:38-PM
885,Thursday-September-8-2022-2:32-AM
897,Thursday-September-8-2022-3:21-AM
917,Thursday-September-8-2022-4:00-AM
900,Thursday-September-8-2022-4:41-AM
916,Thursday-September-8-2022-5:24-AM
900,Sunday-September-18-2022-11:45-AM
915,Sunday-September-18-2022-12:28-PM
929,Sunday-September-18-2022-1:13-PM
916,Sunday-September-18-2022-1:49-PM
903,Sunday-September-25-2022-12:30-PM
900,Sunday-September-25-2022-1:07-PM
917,Sunday-September-25-2022-1:43-PM
934,Monday-September-26-2022-12:03-PM
953,Monday-September-26-2022-12:49-PM
969,Monday-September-26-2022-1:21-PM
947,Monday-September-26-2022-1:51-PM
