1659010192
919
941
963
944
923
942
922
941
920
900
920
940
923
874
894
1020
1005
1000
986
1010
1007
1000
982
969
949
967
948
969
958
969
996
981
1010
1000
1024
1050
1076
1048
1066
1047
1061
1045
1073
1056
1083
1067
1090
1110
1126
1151
1177
1163
1152
1173
1192
1210
1200
1200
1182
1166
1147
1168
1190
1213
1201
1200
1223
1249
1268
1250
1235
1219
1235
1219
1202
1200
1050
1036
1053
1043
1026
1009
1000
1023
1049
1035
1018
1000
1030
1016
1046
1031
1018
1038
1025
1010
1025
1047
1070
1056
1074
1098
1121
1152
1166
1185
1210
1200
1224
1208
1228
1209
1227
1209
1200
1183
1210
1200
1219
1238
1222
1211
1233
1256
1273
1291
1270
1259
1240
1222
1246
1239
1258
1244
1270
1288
1268
1288
1273
1294
1314
1340
1322
1309
1333
1355
1339
1362
1378
1393
1378
1410
1400
1383
1366
1387
1410
1400
1382
1399
1382
1410
1359
1346
1328
1345
1325
1310
1326
1323
1341
1327
1309
1327
1310
1300
1318
1339
1375
1365
1377
1393
1416
1400
1418
1418
1441
1424
1445
1424
1409
1426
1443
1461
1443
1464
1480
1510
1500
1480
1460
1250
1242
1270
1257
1280
1269
1286
1275
1261
1285
1271
1268
1253
1242
1226
1212,Monday-July-11-2022-5:46-AM
1241,Wednesday-July-13-2022-3:12-PM
1229,Wednesday-July-13-2022-3:39-PM
1218,Wednesday-July-20-2022-5:15-AM
1207,Wednesday-July-20-2022-6:00-AM
1200,Wednesday-July-20-2022-6:44-AM
1222,Wednesday-July-20-2022-7:22-AM
1209,Wednesday-July-20-2022-8:17-AM
1230,Wednesday-July-20-2022-8:58-AM
1253,Wednesday-July-20-2022-9:29-AM
1240,Wednesday-July-20-2022-12:41-PM
1261,Friday-July-22-2022-11:48-AM
1247,Friday-July-22-2022-12:35-PM
1273,Saturday-July-23-2022-1:31-PM
1258,Saturday-July-23-2022-1:56-PM
1248,Thursday-July-28-2022-1:37-PM
1269,Thursday-July-28-2022-2:09-PM
