1665921171
407
421
403
417
450
468
497
481
499
477
490
510
532
545
530
515
537
539
550
535
548
572
588
611
634
662
689
671
650
633
661
661
679
660
680
698
710
700
721
706
719
700
712
738
725
704
734
731
711
731
751
769
786
814
800
818
836
857
835
819
837
826
843
843
800
777
761
785
775
798
786
810
800
819
832
849
835
858
838
856
845
855
843
828
812
800
783
797
816
807
550
537
571
591
612
600
627
610
616
600
613
624
655
670
660
638
667
692
669
633
620
645
627
612
600
586
611
600
586
571
562
584
612
633
608
600
582
565
589
616
600
621
612
600
588
570
549
577
561
585
610
630
612
650
638
624
613
636
656,Wednesday-July-13-2022-9:20-AM
645,Wednesday-July-20-2022-2:10-PM
629,Friday-July-29-2022-2:18-PM
655,Friday-July-29-2022-2:59-PM
643,Friday-July-29-2022-3:32-PM
621,Sunday-October-16-2022-1:09-PM
600,Sunday-October-16-2022-1:52-PM
