1660311901
336
319
302
300
321
250
243
262
257
271
256
275
292
310
337
359
384
410
431
416
400
376
362
379
392
421
401
418
400
423
433
416
404
419
412
409
400
386
377
367
382
397
421
440
425
410
401
400
384
410
400
415
400
391
410
432
452
437
424
400
418
400
422
411
400
416
434
462
485
472
482
496
493
510
531
514
542
555
583
597
611
600
581
599
623
600
623
601
600
586
597
586
569
549
572
593
580
556
535
514
500
515
500
486
510
500
486
510
500
520
537
556
573
592
610
628
609
632
621
634
648
658
649
624
641
638
623
600
580
596
580
562
586
610
607
618
636
613
600
583
563
560
557
554
530
557
528
525
535
548
528
552
568
542
566
584
571
552
567
544
528
552
567
546
556
576
561
538
526
543
528
515
541
529
513
542
559
569
594
615
637
618
604
600
586
610
627
642
655
637
647
644
638
657
637
634
622
638
618
638
655
674
697
718
700
683
669
653
638
657
633
623
606
620
640
629
626
653
630
648
658
668
681
662
641
665
665
679
666
663
681
669
651
674
646
661
686
672
693
666
677
668
665
678
661
679
649
671
687
666
684
668
684
660
657
673
651
664
681
710
729
743
721
734
711
723
736
723
723
680
652
673
662
673
698
688
661
678
710
721
740
717
730
708
729
710
700
682
666
650
350
350
375
372
352
365
346
359
369
384
392
410
429
441
433
454
432
412
443
428
412
431
445
474
486
471
498
475
496
474
510
531
544
524
544
572
591
569
592
585
650
637
618
611
627
644
637
625
642
659
642
632
660
647
638
622
656
646
632
665,Monday-July-11-2022-9:21-AM
691,Monday-July-11-2022-9:47-AM
826,Tuesday-July-12-2022-11:53-AM
816,Tuesday-July-12-2022-12:36-PM
831,Wednesday-July-13-2022-7:46-AM
828,Wednesday-July-13-2022-8:28-AM
841,Wednesday-July-13-2022-8:33-AM
854,Wednesday-July-13-2022-9:20-AM
839,Saturday-July-23-2022-3:20-PM
830,Saturday-July-23-2022-4:01-PM
808,Friday-July-29-2022-2:18-PM
822,Friday-July-29-2022-2:59-PM
812,Friday-July-29-2022-3:32-PM
824,Saturday-July-30-2022-4:21-PM
806,Saturday-July-30-2022-4:57-PM
822,Saturday-July-30-2022-5:32-PM
840,Thursday-August-11-2022-11:12-AM
872,Friday-August-12-2022-2:57-PM
862,Friday-August-12-2022-3:45-PM
