1664360814
450
440
433
454
484
519
549
581
572
594
586
573
562
583
650
629
656
680
667
681
661
679
710
737
753
732
709
729
710
700
686
670
699
729
710
729
710
725
722
701
700
686
710
701
727
708
705
726
747
732
749
772
758
781
810
836
857
838
825
852
874
863
888
870
886
911
900
890
878
895
922
905
900
919
903
927
946
959
943
967
986
1010
1000
986
968
948
969
955
972
994
981
1010
1027
1043
1024
1040
1061
1049
1067
1084
1110
1110
1100
1081
1099
1083
1067
1048
1074
1055
1079
1096
1077
1095
1116
1135
1153
1135
1116
1135
1151
1170
1186
1163
1148
1145
1172
1145
1166
1152
1171
1177
1174
1156
1180
1194
1178
1163
1174
1158
1179
1158
1175
1160
750
779
910
900
924
955
984
1117
1103
1126
1146
1133
1114
1145
1132
1119
1107
1100
1085
1350,Saturday-July-23-2022-1:56-PM
1350,Wednesday-August-31-2022-8:26-AM
1335,Wednesday-August-31-2022-9:19-AM
1318,Wednesday-August-31-2022-9:51-AM
1337,Wednesday-August-31-2022-10:25-AM
1313,Saturday-September-17-2022-2:50-PM
1300,Saturday-September-17-2022-3:18-PM
1285,Friday-September-23-2022-1:53-PM
1310,Wednesday-September-28-2022-12:26-PM
