1655548033
576
597
594
582
569
610
604
650
633
623
607
640
663
642
625
617
617
603
600
617
648
633
659
683
710
700
722
743
723
708
700
729
751
736
722
747
777
757
743
730
720
730
713
733
757
785
810
800
789
813
800
816
803
817
848
833
820
802
800
782
759
784
756
772
759
754
774
756
771
550
543
524
539
522
538
548
574
548
570
588
575
610
600
620
640
621
634
620
649
626
651
632
650
677
677
655
647
632
636
651
671
668
657
673
655
638
658
642
627
645
664
644
638
621
604
615
600
600
628
603
600
618
605
618
639
662
646
666
682
662
647
627
620
632
658
636
655
646
667
654
681
666
651
