1664874399
850
835
820
807
800
783
918
945
927
913
900
882
864
884
861
882
859
878
858
846
828
809
800
800
786
772
757
785
771
755
773
753
782
810
800
780
795
776
793
779
763
786
810
800
782
772
795
783
765
788
810
800
783
771
755
740
740
740
763
736
721
701
718
735
725
708
728
755
735
754
739
722
700
724
706
700
724
707
731
743
728
711
700
689
677
710
700
718
700
715
732
747
761
786
770
784
773
751
737
713
700
717
704
700
770
784
773
751
737
713
700
682
666
666
646
619
603
627
646
630
653
668
648
676
656
671
694
716
726
737
717
706
700
728
550
532
521
500
531
547
578
591
623
648
627
606
600
617
600
621
610
600
578
598
590
573
556
570
548
568
550
568
569
589
577
599
627
649
664
691
670
692
713
700
679
695
680
697
686
710
731
714
700
679
662
679
694
710
700
710
700
683
677
660
679
655
636
650
627
657
673
648
627
611
611
630
643
656
682
710
700
692
665
646
676
686
677
660
639
657
654
667
680
655
669
686
710
700
714
729
747
722
700
679
696
685
667
650
633
618
603
600
589
610
637
654
670
688
699
685
657
679
659
639
660
683
710
700
650
635
619
603
600
624
646
632
633
611,Tuesday-July-19-2022-7:13-AM
629,Thursday-July-21-2022-6:23-AM
615,Thursday-July-21-2022-7:03-AM
634,Monday-August-1-2022-2:02-PM
621,Monday-August-1-2022-2:33-PM
644,Tuesday-August-2-2022-12:56-PM
665,Tuesday-August-2-2022-1:55-PM
647,Tuesday-August-2-2022-2:29-PM
632,Wednesday-August-3-2022-7:30-AM
614,Wednesday-August-3-2022-8:06-AM
600,Wednesday-August-3-2022-2:13-PM
615,Wednesday-August-3-2022-3:29-PM
631,Thursday-August-4-2022-1:08-PM
653,Thursday-August-4-2022-1:51-PM
673,Friday-August-5-2022-8:11-AM
691,Friday-August-5-2022-3:03-PM
669,Friday-August-5-2022-3:38-PM
689,Friday-August-5-2022-4:04-PM
677,Thursday-August-11-2022-3:49-PM
667,Friday-August-12-2022-4:23-AM
649,Sunday-August-14-2022-5:28-AM
633,Sunday-August-14-2022-5:57-AM
661,Tuesday-September-6-2022-3:16-AM
669,Tuesday-September-6-2022-5:33-AM
653,Tuesday-September-6-2022-6:26-AM
677,Friday-September-16-2022-2:43-AM
710,Friday-September-16-2022-3:15-AM
700,Sunday-September-18-2022-4:49-PM
683,Friday-September-23-2022-2:21-AM
710,Friday-September-23-2022-2:55-AM
729,Friday-September-23-2022-3:40-AM
709,Friday-September-23-2022-3:12-PM
729,Friday-September-23-2022-3:40-PM
739,Friday-September-23-2022-4:09-PM
766,Saturday-September-24-2022-3:13-AM
751,Saturday-September-24-2022-4:57-AM
775,Saturday-September-24-2022-6:43-AM
758,Tuesday-September-27-2022-5:40-AM
738,Tuesday-September-27-2022-6:11-AM
720,Tuesday-September-27-2022-6:48-AM
745,Tuesday-September-27-2022-7:30-AM
731,Tuesday-September-27-2022-8:08-AM
755,Tuesday-September-27-2022-12:49-PM
779,Tuesday-September-27-2022-2:16-PM
796,Wednesday-September-28-2022-11:41-AM
779,Wednesday-September-28-2022-12:10-PM
757,Wednesday-September-28-2022-12:40-PM
739,Wednesday-September-28-2022-1:31-PM
720,Thursday-September-29-2022-4:11-AM
750,Thursday-September-29-2022-4:58-AM
739,Thursday-September-29-2022-12:42-PM
726,Thursday-September-29-2022-1:22-PM
744,Thursday-September-29-2022-1:57-PM
719,Friday-September-30-2022-1:29-AM
736,Friday-September-30-2022-1:50-AM
755,Friday-September-30-2022-5:09-AM
771,Friday-September-30-2022-5:42-AM
791,Friday-September-30-2022-6:39-AM
810,Saturday-October-1-2022-12:03-PM
828,Tuesday-October-4-2022-11:06-AM
