1661082694
1210
1226
1245
1264
1286
1310
950
935
928
952
942
929
920
908
931
916
939
927
948
970
956
980
971
991
1013
1032
1019
1042
1062
1053
1040
1027
1048
1069
1092
1082
1110
1133
1154
1171
1154
1173
1154
1171
1154
1173
1192
1212
1200
1220
1240
1220
1244
1261
1289
1310
1333
1317
1305
1323
1303
1300
1313
1300
1282
1310
1300
1282
1267
1270
1290
1311
1300
1319
1302
1300
1313
1300
1280
1269
1292
1276
1260
1277
1292
1310
1329
1311
1325
1303
1300
1321
1300
1280
1310
1300
1315
1300
1319
1340
1361
1363
1340
1359
1341
1327
1307
1300
1320
1300
1279
1256
1279
1259
1243
1259
1242
1264
1250
1267
1286
1310
1322
1341
1327
1314
1300
1279
1310
1335
1353
1340
1324
1348
1328
1343
1363
1345
1363
1380
1399
1378
1392
1410
1400
1418
1402
1400
1381
1398
1411
1431
1446
1425
1409
1400
1383
1410
1400
1379
1360
1338
1351
1330
1317
1302
1300
1289
1274
1286
1269
1249
1271
1295
1310
1335
1318
1339
1321
1347
1364
1380
1399
1378
1399
1415
1429
1445
1427
1409
1429
1411
1400
1385
1410
1425
1425
1408
1427
1408
1400
1382
1410
1400
1381
1372
1386
1371
1351
1331
1348
1333
1351
1369
1390
1410
1426
1445
1462
1442
1423
1410
1400
1415
1401
1420
1438
1459
1438
1454
1443
1425
1407
1400
1418
1432
1447
1467
1479
1465
1451
1471
1488
1473
1452
1470
1488
1473
1454
1442
1464
1445
1430
1448
1463
1446
1461
1444
1430
1416
1050
1076
1110
1134
1123
1147
1137
1137
1122
1107
1100
1121
1107
1100
1124
1146
1166
1185
1173
1196
1183
1170
1187
1210
1200
1224
1244
1230
1214
1235
1259
1279
1263
1247
1269
1291
1279
1299
1285
1268
1255
1277
1259
1280
1310
1329
1309
1326
1346
1329
1315
1333
1318
1303
1325
1308
1300
1285
1274
1295
1298
1280
1263
1247
1267
1254
1273
1292
1315
1332
1351
1373
1394
1379
1410
1430
1412
1400
1388
1368
1388
1372
1356
1377
1392
1374
1356
1371
1390
1410
1400
1423
1411
1428
1411
1400
1419
1403
1422
1443
1426
1447
1465
1448
1470
1490
1510
1533
1548
1530
1551
1574
1554
1571
1552
1571
1590
1572
1594
1610
1600
1584
1610
1624
1600
1616
1600
1582
1562
1540
1559
1580
1599
1580
1565
1586
1566
1547
1565
1547
1563
1538
1515
1503
1500
1484
1464
1443
1422
1402
1400
1380
1395
1373
1392
1410
1400
1384
1362
1344
1330
1313
1330
1347
1363
1379
1410
1432
1447
1429
1431
1412
1433
1418
1400
1418
1402
1419
1400
1384
1410
1427
1443
1427
1409
1400
1419
1400
1381
1397
1377
1397
1381
1363
1343
1362
1379
1398
1414
1430
1414
1422
1429
1435
1452
1435
1450
1433
1451
1472
1452
1471
1491
1472
1442
1432
1412
1426
1411
1400
1385
1367
1349
1367
1353
1371
1395
1382
1366
1357
1349
1328
1305
1328
1341
1327
1343
1359
1378
1398
1419
1403
1400
1419
1433
1458
1479
1499
1484
1496
1510
1534
1556
1538
1559
1580
1595
1615
1634
1613
1600
1585
1610
1600
1617
1600
1620
1639
1657
1673
1654
1635
1652
1669
1652
1635
1550
1539
1530
1517
1505
1500
1515
1533
1522
1545
1533
1550
1541
1556
1545
1533
1550
1539
1554
1574
1590
1611
1632
1655
1642
1669
1656
1639
1658
1644
1660
1648
1635
1624
1611
1600
1588
1610
1600
1617
1603
1600
1590
1576
1598
1586
1610
1629
1615
1601
1600
1620
1641
1630
1619
1644
1661
1646
1670
1692
1711
1725
1741
1724,Sunday-July-10-2022-7:42-AM
1707,Sunday-July-10-2022-8:18-AM
1700,Sunday-July-10-2022-9:14-AM
1721,Sunday-July-10-2022-9:52-AM
1710,Sunday-July-10-2022-12:22-PM
1723,Sunday-July-10-2022-1:07-PM
1712,Sunday-July-10-2022-1:55-PM
1700,Monday-July-11-2022-12:28-PM
1720,Monday-July-11-2022-1:19-PM
1736,Monday-July-11-2022-2:08-PM
1750,Monday-July-11-2022-2:54-PM
1736,Monday-July-11-2022-4:52-PM
1755,Tuesday-July-12-2022-9:51-AM
1741,Tuesday-July-12-2022-2:05-PM
1755,Tuesday-July-12-2022-2:54-PM
1771,Tuesday-July-12-2022-3:59-PM
1768,Tuesday-July-12-2022-4:44-PM
1755,Tuesday-July-12-2022-4:48-PM
1772,Wednesday-July-13-2022-7:41-AM
1757,Wednesday-July-13-2022-8:28-AM
1774,Wednesday-July-13-2022-9:20-AM
1796,Wednesday-July-13-2022-12:08-PM
1816,Wednesday-July-13-2022-12:41-PM
1801,Wednesday-July-13-2022-1:18-PM
1800,Wednesday-July-13-2022-4:35-PM
1785,Thursday-July-14-2022-12:11-PM
1810,Thursday-July-14-2022-12:58-PM
1824,Thursday-July-14-2022-3:17-PM
1840,Thursday-July-14-2022-4:00-PM
1861,Friday-July-15-2022-5:33-AM
1843,Friday-July-15-2022-6:06-AM
1862,Friday-July-15-2022-6:40-AM
1880,Friday-July-15-2022-10:00-AM
1864,Friday-July-15-2022-12:08-PM
1848,Friday-July-15-2022-12:50-PM
1868,Saturday-July-16-2022-1:58-PM
1852,Saturday-July-16-2022-2:39-PM
1840,Saturday-July-16-2022-3:38-PM
1827,Saturday-July-16-2022-4:27-PM
1847,Sunday-July-17-2022-6:52-AM
1865,Sunday-July-17-2022-12:17-PM
1847,Sunday-July-17-2022-1:14-PM
1831,Sunday-July-17-2022-1:50-PM
1846,Sunday-July-17-2022-3:28-PM
1832,Sunday-July-17-2022-4:07-PM
1852,Monday-July-18-2022-1:05-PM
1834,Tuesday-July-19-2022-4:53-AM
1854,Tuesday-July-19-2022-5:39-AM
1837,Tuesday-July-19-2022-12:14-PM
1823,Tuesday-July-19-2022-1:08-PM
1808,Tuesday-July-19-2022-3:50-PM
1825,Tuesday-July-19-2022-4:23-PM
1846,Wednesday-July-20-2022-6:14-AM
1831,Wednesday-July-20-2022-6:52-AM
1814,Wednesday-July-20-2022-7:38-AM
1800,Wednesday-July-20-2022-8:19-AM
1819,Wednesday-July-20-2022-11:52-AM
1802,Wednesday-July-20-2022-12:45-PM
1822,Thursday-July-21-2022-2:17-PM
1835,Thursday-July-21-2022-3:10-PM
1817,Friday-July-22-2022-3:40-AM
1838,Friday-July-22-2022-4:10-AM
1822,Friday-July-22-2022-1:51-PM
1839,Friday-July-22-2022-2:25-PM
1852,Friday-July-22-2022-2:53-PM
1874,Saturday-July-23-2022-4:45-AM
1892,Saturday-July-23-2022-5:40-AM
1875,Saturday-July-23-2022-6:39-AM
1861,Saturday-July-23-2022-12:58-PM
1881,Saturday-July-23-2022-1:54-PM
1863,Saturday-July-23-2022-2:35-PM
1850,Saturday-July-23-2022-3:48-PM
1864,Saturday-July-23-2022-4:28-PM
1886,Sunday-July-24-2022-5:39-AM
1910,Sunday-July-24-2022-6:11-AM
1900,Sunday-July-24-2022-7:10-AM
1884,Monday-July-25-2022-2:10-PM
1910,Monday-July-25-2022-2:48-PM
1900,Monday-July-25-2022-3:26-PM
1882,Monday-July-25-2022-4:02-PM
1899,Tuesday-July-26-2022-12:28-PM
1921,Tuesday-July-26-2022-1:50-PM
1902,Tuesday-July-26-2022-2:24-PM
1914,Wednesday-July-27-2022-1:43-PM
1928,Wednesday-July-27-2022-2:27-PM
1910,Thursday-July-28-2022-4:40-AM
1926,Thursday-July-28-2022-5:39-AM
1905,Thursday-July-28-2022-9:45-AM
1924,Thursday-July-28-2022-2:33-PM
1910,Thursday-July-28-2022-4:01-PM
1900,Friday-July-29-2022-12:06-PM
1914,Friday-July-29-2022-1:47-PM
1900,Friday-July-29-2022-2:23-PM
1919,Saturday-July-30-2022-6:14-AM
1940,Saturday-July-30-2022-7:03-AM
1917,Saturday-July-30-2022-7:36-AM
1900,Saturday-July-30-2022-8:00-AM
1922,Monday-August-1-2022-8:06-AM
1904,Monday-August-1-2022-8:36-AM
1900,Monday-August-1-2022-12:46-PM
1882,Tuesday-August-2-2022-1:30-PM
1864,Tuesday-August-2-2022-3:03-PM
1843,Wednesday-August-3-2022-12:41-PM
1827,Wednesday-August-3-2022-1:09-PM
1812,Friday-August-5-2022-9:08-AM
1834,Friday-August-5-2022-9:50-AM
1848,Friday-August-5-2022-1:53-PM
1848,Friday-August-5-2022-2:26-PM
1859,Friday-August-5-2022-3:30-PM
1843,Saturday-August-6-2022-2:01-PM
1860,Saturday-August-6-2022-2:41-PM
1878,Sunday-August-7-2022-7:38-AM
1862,Sunday-August-7-2022-8:43-AM
1849,Sunday-August-7-2022-1:13-PM
1835,Sunday-August-7-2022-2:02-PM
1818,Monday-August-8-2022-8:57-AM
1837,Monday-August-8-2022-9:44-AM
1857,Monday-August-8-2022-2:28-PM
1841,Monday-August-8-2022-3:06-PM
1859,Tuesday-August-9-2022-3:19-PM
1841,Wednesday-August-10-2022-7:39-AM
1823,Wednesday-August-10-2022-8:27-AM
1842,Thursday-August-11-2022-1:19-PM
1827,Thursday-August-11-2022-3:42-PM
1841,Thursday-August-11-2022-4:28-PM
1821,Friday-August-12-2022-8:32-AM
1806,Friday-August-12-2022-9:04-AM
1800,Friday-August-12-2022-9:41-AM
1784,Saturday-August-13-2022-7:39-AM
1810,Saturday-August-13-2022-8:18-AM
1827,Sunday-August-14-2022-6:08-AM
1811,Tuesday-August-16-2022-1:24-PM
1800,Friday-August-19-2022-6:13-AM
1782,Friday-August-19-2022-7:49-AM
1810,Friday-August-19-2022-1:26-PM
1826,Saturday-August-20-2022-6:32-AM
1842,Saturday-August-20-2022-8:21-AM
1857,Saturday-August-20-2022-1:19-PM
1841,Saturday-August-20-2022-1:58-PM
1824,Sunday-August-21-2022-1:14-PM
1841,Sunday-August-21-2022-1:51-PM
