1658586520
857
829
800
815
831
802
803
820
650
667
691
678
666
656
647
638
630
616
601
621
609
600
624
608
632
650
638
661
661
644
662
683
662
656
674
660
645
665
667
683
711
731
711
734
723
720
738
764
748
728
713
732
755
779
799
785
764
752
768
795
815
815
840
822
800
826
826
847
869
888
910
900
925
910
900
917
900
884
866
887
875
854
875
893
877
861
881
910
900
925
907
900
920
937
921
907
925
909
925
936
951
974
958
941
927
947
966
952
972
991
1010
1000
1018
1038
1060
1078
1057
1054
1040
1017
1002
1000
979
961
946
943
929
949
968
950
970
996
979
1010
1026
1041
1053
1069
1044
1021
1044
1066
1071
1054
1041
1024
1012
1000
1013
1000
1018
1005
1000
979
1010
1000
987
973
950
972
988
971
960
968
944
962
980
996
981
1010
1025
1005
1023
1041
1024
1003
1000
985
1010
1028
1008
1000
976
955
933
953
968
941
960
983
993
650
673
692
710
700
681
712
700
722
739
725
748
764
781
762
744
771
747
726
750
734
745
757
766
743
761
784
778
756
772
761
782
766
763
796
796
814
838
849
832
843
861
882
913
928
944
926
914
928
912
900
912
935
952
929
949
935
918
940
922
911
900
886
878
896
885
910
900
921
910
932
1050
1042
1032
1049
1040
1065
1079
1093
1214
1228
1214
1234
1221
1233
1222
1208
1200
1186
1210
1200
1187
1176
1154,Monday-July-11-2022-6:06-AM
1171,Monday-July-11-2022-3:14-PM
1188,Monday-July-11-2022-3:52-PM
1177,Monday-July-11-2022-4:52-PM
1164,Tuesday-July-12-2022-3:30-PM
1150,Tuesday-July-12-2022-4:26-PM
1131,Wednesday-July-13-2022-8:40-AM
1112,Wednesday-July-13-2022-2:16-PM
1100,Wednesday-July-13-2022-4:35-PM
1088,Tuesday-July-19-2022-3:50-PM
1110,Tuesday-July-19-2022-4:23-PM
1129,Thursday-July-21-2022-3:10-PM
1115,Saturday-July-23-2022-3:48-PM
1131,Saturday-July-23-2022-4:28-PM
