1627727223986
540
520
546
566
547
569
592
613
600
621
603
600
578
557
535
551
525
504
524
507
526
506
450
434
421
438
420
409
432
448
461
440
462
452
437
423
448
430
451
437
463
483
474
460
439
433
418
405
436
462
444
423
444
475
510
534
520
530
552
574
558
539
556
570
573
556
542
553
569
554
543
529
559
581
610
600
621
642
623
635
648
648
667
654
678
664
661
681
696
679
664
664
683
710
707
727
748
771
785
772
769
746
723
735
750
770
755
771
790
762
775
789
766
782
810
800
800
776
761
781
762
777
797
811
830
807
800
776
751
768
751
732
750
744
761
779
764
744
764
738
714
700
677
656
626
