1644825053
141
126
126
50
78
95
84
110
128
103
119
136
119
136
115
101
111
131
147
138
168
156
183
162
148
135
152
135
120
150
165
147
168
146
166
186
168
196
173
194
212
224
245
259
275
258
245
242
233
218
231
247
266
285
310
300
279
289
299
313
308
300
285
310
326
311
300
275
252
234
212
222
207
200
183
168
185
177
193
172
198
216
233
212
226
249
246
273
263
260
273
248
227
245
260
279
295
272
283
283
272
248
267
267
280
258
274
284
310
300
319
300
290
313
340
321
345
363
343
354
382
374
359
380
373
359
377
387
373
350
340
341
315
335
349
330
