1639024421024
759
777
650
667
693
710
700
679
710
736
761
745
756
768
787
775
759
749
772
756
735
718
715
734
756
778
796
799
782
810
800
823
845
865
848
830
816
800
822
802
800
827
810
800
818
806
830
814
802
821
838
825
850
833
818
837
834
818
844
854
844
861
845
824
852
869
886
870
884
910
925
950
964
984
967
983
1010
1028
1011
1032
1010
1027
1047
1070
1088
1072
1058
1043
1020
1003
1000
971
991
971
968
949
931
948
973
991
1013
1027
1047
1024
1006
1000
1019
1000
985
1010
1031
1010
1000
989
1010
1031
1013
1000
1016
1037
1018
