1649643704
680
650
550
531
553
573
594
615
644
664
677
663
684
656
641
628
642
627
650
647
644
663
647
624
650
674
662
677
664
656
642
660
643
664
680
662
682
710
728
710
700
723
743
761
786
810
800
786
765
746
758
749
768
787
773
796
820
844
827
808
818
830
848
871
892
889
875
861
882
899
910
930
918
900
884
895
917
935
955
970
989
971
989
986
1010
1032
1013
1000
1020
1004
1000
1019
1037
1063
1086
1067
1087
1064
1080
1064
1080
1059
1078
1058
1069
1049
1030
1047
1061
1037
1053
1079
1110
1123
1141
1159
1177
1160
1179
750
736
727
753
737
756
741
767
755
749
772
761
748
768
792
913
900
888
892
917
904
928
908
900
886
910
900
925
908
900
882
910
926
914
900
900
884
910
900
878
890
876
899
876
