1637217610290
810
826
843
862
841
819
838
814
800
771
742
739
715
733
751
768
786
765
743
740
720
700
682
710
700
550
575
563
582
561
585
614
642
628
650
671
651
637
662
682
710
730
718
715
700
703
726
749
759
742
765
743
729
706
726
752
774
754
772
753
781
761
780
770
770
785
767
761
753
735
715
728
744
726
754
734
759
738
755
768
785
810
823
811
800
782
763
745
730
749
765
781
810
800
800
788
772
793
815
800
831
812
805
823
835
821
803
823
838
852
875
891
872
853
863
881
866
887
911
931
954
978
988
975
954
935
932
951
972
988
968
986
1010
1036
1013
1033
1053
1033
1013
1000
1022
1032
1049
1031
1010
1000
979
994
991
1010
1028
1018
1015
1000
1016
1000
979
1010
1020
1041
1055
1039
1022
1037
1045
1029
1047
