1632747598549
1210
1226
1245
1264
1286
1310
950
935
928
952
942
929
920
908
931
916
939
927
948
970
956
980
971
991
1013
1032
1019
1042
1062
1053
1040
1027
1048
1069
1092
1082
1110
1133
1154
1171
1154
1173
1154
1171
1154
1173
1192
1212
1200
1220
1240
1220
1244
1261
1289
1310
1333
1317
1305
1323
1303
1300
1313
1300
1282
1310
1300
1282
1267
1270
1290
1311
1300
1319
1302
1300
1313
1300
1280
1269
1292
1276
1260
1277
1292
1310
1329
1311
1325
1303
1300
1321
1300
1280
1310
1300
1315
1300
1319
1340
1361
1363
1340
1359
1341
1327
1307
1300
1320
1300
1279
1256
1279
1259
1243
1259
1242
1264
1250
1267
1286
1310
1322
1341
