1656688411
872
846
650
669
691
678
710
700
681
710
735
720
704
700
683
710
700
687
673
655
677
694
686
710
700
716
734
754
773
755
737
737
757
783
810
829
811
828
807
830
846
828
816
800
817
800
819
821
846
876
886
863
852
834
820
835
857
875
850
875
893
876
854
879
863
881
891
910
900
888
912
926
945
959
977
1010
1032
1009
1006
1000
1023
1043
1058
1039
1052
1036
1015
1007
1014
1000
979
958
650
668
682
671
692
716
736
720
732
745
756
780
791
783
810
800
790
787
810
833
853
873
1010
1026
1040
1059
1059
1073
1070
1092
1078
1060
1043
1063
1053
1037
1021
1010
1000
988
977
997
989
1010
1000
1024
1016
1034
1016
1004
1250
1240
1230
1222
1237
1249
1238
1255
1244
1261
1280
1310
1328
1316
1330
1350
1370
1356
1378
1396
