1640578657
471
449
421
435
409
400
417
400
378
356
350
327
345
366
346
362
345
361
351
371
360
373
392
421
438
458
479
499
519
547
565
542
564
585
599
625
605
621
641
619
637
648
666
678
662
641
625
611
629
612
606
600
588
573
557
538
520
544
563
547
530
551
537
558
537
521
541
527
512
500
517
503
520
543
559
556
571
590
569
587
610
600
620
617
630
645
632
642
622
605
600
582
610
625
622
605
600
590
610
600
582
596
610
600
618
633
617
614
600
618
605
600
577
558
575
552
570
551
565
580
610
629
606
628
644
626
601
600
618
643
662
678
653
668
648
672
655
640
613
600
577
591
616
631
651
630
651
636
621
638
620
608
600
617
604
623
639
616
601
624
624
634
650
663
641
656
639
610
