1636023512943
336
319
302
300
321
250
243
262
257
271
256
275
292
310
337
359
384
410
431
416
400
376
362
379
392
421
401
418
400
423
433
416
404
419
412
409
400
386
377
367
382
397
421
440
425
410
401
400
384
410
400
415
400
391
410
432
452
437
424
400
418
400
422
411
400
416
434
462
485
472
482
496
493
510
531
514
542
555
583
597
611
600
581
599
623
600
623
601
600
586
597
586
569
549
572
593
580
556
535
514
500
515
500
486
510
500
486
510
500
520
537
556
573
592
610
628
609
632
621
634
648
658
649
624
641
638
623
600
580
596
580
562
586
610
607
618
636
613
600
583
563
560
557
554
530
557
528
525
535
548
528
552
568
542
566
584
571
552
567
544
528
552
567
546
556
576
561
538
526
543
528
515
541
529
513
542
559
569
594
